-0.5092 -0.0269  0.8602
 0.7973  0.3617  0.4833
-0.3242  0.9319 -0.1628

-0.4434 -0.4486  0.7760
 0.8961 -0.2012  0.3957
-0.0214  0.8708  0.4912

-0.1350 -0.1968  0.9711
 0.7667 -0.6416 -0.0234
 0.6277  0.7413  0.2375

 0.2233  0.7083  0.6697
 0.7821 -0.5402  0.3107
 0.5818  0.4544 -0.6746

 0.2117 -0.0352  0.9767
 0.6449 -0.7459 -0.1666
 0.7344  0.6652 -0.1352

-0.4777 -0.3495  0.8060
 0.8728 -0.2932  0.3901
 0.1000  0.8899  0.4451

 0.0028 -0.0401  0.9992
 0.8698 -0.4929 -0.0222
 0.4934  0.8692  0.0335

-0.8299  0.2217  0.5120
 0.3220 -0.5592  0.7640
 0.4557  0.7989  0.3927

-0.1631  0.9346  0.3162
 0.9840  0.1773 -0.0167
-0.0716  0.3084 -0.9485

 0.2696  0.2931  0.9173
 0.9347  0.1496 -0.3225
-0.2317  0.9443 -0.2336

-0.3565  0.0457  0.9332
 0.9110  0.2386  0.3363
-0.2073  0.9701 -0.1267

-0.5114  0.6943  0.5064
 0.8520  0.4865  0.1934
-0.1121  0.5303 -0.8404